 1 montg1   =          0   45382.50  6 34.00  -1.9185356E+01   2.0243303E+01
 1 srfhgt   =          0   45382.50  0  0.00  -1.9136164E+01   1.2632581E+01
 1 steric   =          0   45382.50  0  0.00  -1.9185356E+01   2.0243303E+01
 1 surflx   =          0   45382.50  0  0.00   0.0000000E+00   0.0000000E+00
 1 salflx   =          0   45382.50  0  0.00   0.0000000E+00   0.0000000E+00
 1 bl_dpth  =          0   45382.50  0  0.00   4.9213701E+03   3.2242120E+07
 1 mix_dpth =          0   45382.50  0  0.00   4.9213701E+03   3.2242120E+07
13 u_btrop  =          0   45382.50  0  0.00  -1.0294487E+00   1.1461262E+00
14 v_btrop  =          0   45382.50  0  0.00  -1.3874598E+00   1.0463700E+00
13 u-vel.   =          0   45382.50  1 17.00  -1.6954011E+00   2.1384521E+00
14 v-vel.   =          0   45382.50  1 17.00  -1.5143027E+00   1.9580250E+00
 1 thknss   =          0   45382.50  1 17.00   9.8059980E+03   2.0172475E+06
 1 temp     =          0   45382.50  1 17.00  -2.0888867E+00   3.3236633E+01
 1 salin    =          0   45382.50  1 17.00   1.3861101E+00   4.6967209E+01
13 u-vel.   =          0   45382.50  2 18.00  -1.7094762E+00   2.1103177E+00
14 v-vel.   =          0   45382.50  2 18.00  -1.5525101E+00   1.9305780E+00
 1 thknss   =          0   45382.50  2 18.00   0.0000000E+00   1.3013002E+06
 1 temp     =          0   45382.50  2 18.00  -2.1113532E+00   3.3098854E+01
 1 salin    =          0   45382.50  2 18.00   1.3861101E+00   4.6970150E+01
13 u-vel.   =          0   45382.50  3 19.00  -1.7164799E+00   2.0843163E+00
14 v-vel.   =          0   45382.50  3 19.00  -1.5822663E+00   1.9129660E+00
 1 thknss   =          0   45382.50  3 19.00   0.0000000E+00   7.7537275E+05
 1 temp     =          0   45382.50  3 19.00  -2.1113563E+00   3.3063274E+01
 1 salin    =          0   45382.50  3 19.00   1.3861101E+00   4.6970970E+01
13 u-vel.   =          0   45382.50  4 20.00  -1.7186660E+00   2.0546446E+00
14 v-vel.   =          0   45382.50  4 20.00  -1.6063862E+00   1.8941110E+00
 1 thknss   =          0   45382.50  4 20.00   0.0000000E+00   1.8407684E+05
 1 temp     =          0   45382.50  4 20.00  -2.1090934E+00   3.3045483E+01
 1 salin    =          0   45382.50  4 20.00   1.3861101E+00   4.6971382E+01
13 u-vel.   =          0   45382.50  5 21.00  -1.7156661E+00   2.0221543E+00
14 v-vel.   =          0   45382.50  5 21.00  -1.6211340E+00   1.8757308E+00
 1 thknss   =          0   45382.50  5 21.00   0.0000000E+00   2.2195712E+06
 1 temp     =          0   45382.50  5 21.00  -2.1091075E+00   3.3045483E+01
 1 salin    =          0   45382.50  5 21.00   1.3861101E+00   4.6971382E+01
13 u-vel.   =          0   45382.50  6 22.00  -1.7066476E+00   1.9750173E+00
14 v-vel.   =          0   45382.50  6 22.00  -1.6226909E+00   1.8580298E+00
 1 thknss   =          0   45382.50  6 22.00   0.0000000E+00   8.3605920E+06
 1 temp     =          0   45382.50  6 22.00  -2.1091104E+00   3.3045483E+01
 1 salin    =          0   45382.50  6 22.00   1.3861101E+00   4.6971256E+01
13 u-vel.   =          0   45382.50  7 23.00  -1.7000604E+00   1.9065077E+00
14 v-vel.   =          0   45382.50  7 23.00  -1.6068182E+00   1.8409690E+00
 1 thknss   =          0   45382.50  7 23.00   0.0000000E+00   3.0577685E+06
 1 temp     =          0   45382.50  7 23.00  -2.1091125E+00   3.3045483E+01
 1 salin    =          0   45382.50  7 23.00   1.3861101E+00   4.6971256E+01
13 u-vel.   =          0   45382.50  8 24.00  -1.6802440E+00   1.7821763E+00
14 v-vel.   =          0   45382.50  8 24.00  -1.5724888E+00   1.8129079E+00
 1 thknss   =          0   45382.50  8 24.00   0.0000000E+00   1.7151911E+06
 1 temp     =          0   45382.50  8 24.00  -2.1091261E+00   3.3045483E+01
 1 salin    =          0   45382.50  8 24.00   1.3861101E+00   4.6971256E+01
13 u-vel.   =          0   45382.50  9 25.00  -1.6385812E+00   1.6657599E+00
14 v-vel.   =          0   45382.50  9 25.00  -1.5372646E+00   1.7815821E+00
 1 thknss   =          0   45382.50  9 25.00   0.0000000E+00   2.0867456E+06
 1 temp     =          0   45382.50  9 25.00  -2.1091216E+00   3.3045483E+01
 1 salin    =          0   45382.50  9 25.00   1.3861101E+00   4.6971256E+01
13 u-vel.   =          0   45382.50 10 26.00  -1.6187363E+00   1.6398692E+00
14 v-vel.   =          0   45382.50 10 26.00  -1.5132507E+00   1.7598047E+00
 1 thknss   =          0   45382.50 10 26.00   0.0000000E+00   2.3557506E+07
 1 temp     =          0   45382.50 10 26.00  -2.1091199E+00   3.3045483E+01
 1 salin    =          0   45382.50 10 26.00   1.3861101E+00   4.6971256E+01
13 u-vel.   =          0   45382.50 11 27.00  -1.6149094E+00   1.6151245E+00
14 v-vel.   =          0   45382.50 11 27.00  -1.4921432E+00   1.7264180E+00
 1 thknss   =          0   45382.50 11 27.00   0.0000000E+00   2.0182202E+06
 1 temp     =          0   45382.50 11 27.00  -2.1091185E+00   3.3045483E+01
 1 salin    =          0   45382.50 11 27.00   1.3861101E+00   4.6971256E+01
13 u-vel.   =          0   45382.50 12 28.00  -1.6146508E+00   1.6191063E+00
14 v-vel.   =          0   45382.50 12 28.00  -1.4761302E+00   1.7007326E+00
 1 thknss   =          0   45382.50 12 28.00   0.0000000E+00   6.8819040E+06
 1 temp     =          0   45382.50 12 28.00  -2.1091146E+00   3.3045483E+01
 1 salin    =          0   45382.50 12 28.00   1.3861101E+00   4.6971256E+01
13 u-vel.   =          0   45382.50 13 29.00  -1.6144192E+00   1.6171877E+00
14 v-vel.   =          0   45382.50 13 29.00  -1.4613160E+00   1.6831909E+00
 1 thknss   =          0   45382.50 13 29.00   0.0000000E+00   9.8464590E+06
 1 temp     =          0   45382.50 13 29.00  -2.1091073E+00   3.3045483E+01
 1 salin    =          0   45382.50 13 29.00   1.3861101E+00   4.6971256E+01
13 u-vel.   =          0   45382.50 14 29.90  -1.6108123E+00   1.5949943E+00
14 v-vel.   =          0   45382.50 14 29.90  -1.4447396E+00   1.6693702E+00
 1 thknss   =          0   45382.50 14 29.90   0.0000000E+00   1.1946536E+07
 1 temp     =          0   45382.50 14 29.90  -2.1091075E+00   3.3045483E+01
 1 salin    =          0   45382.50 14 29.90   1.3861101E+00   4.6971256E+01
13 u-vel.   =          0   45382.50 15 30.65  -1.5977137E+00   1.5706744E+00
14 v-vel.   =          0   45382.50 15 30.65  -1.4242489E+00   1.6573381E+00
 1 thknss   =          0   45382.50 15 30.65   0.0000000E+00   9.0105350E+06
 1 temp     =          0   45382.50 15 30.65  -2.1091075E+00   3.3045483E+01
 1 salin    =          0   45382.50 15 30.65   1.3861101E+00   4.6971256E+01
13 u-vel.   =          0   45382.50 16 31.35  -1.5833533E+00   1.5512366E+00
14 v-vel.   =          0   45382.50 16 31.35  -1.4065037E+00   1.6456181E+00
 1 thknss   =          0   45382.50 16 31.35   0.0000000E+00   1.0487096E+07
 1 temp     =          0   45382.50 16 31.35  -2.1091075E+00   3.3045483E+01
 1 salin    =          0   45382.50 16 31.35   1.3861101E+00   4.6971256E+01
13 u-vel.   =          0   45382.50 17 31.95  -1.5693345E+00   1.5318254E+00
14 v-vel.   =          0   45382.50 17 31.95  -1.3890815E+00   1.6389931E+00
 1 thknss   =          0   45382.50 17 31.95   0.0000000E+00   1.0703397E+07
 1 temp     =          0   45382.50 17 31.95  -2.1091075E+00   3.3045483E+01
 1 salin    =          0   45382.50 17 31.95   1.3861101E+00   4.6971256E+01
13 u-vel.   =          0   45382.50 18 32.55  -1.5549036E+00   1.5070261E+00
14 v-vel.   =          0   45382.50 18 32.55  -1.3844321E+00   1.6338660E+00
 1 thknss   =          0   45382.50 18 32.55   0.0000000E+00   1.6012280E+07
 1 temp     =          0   45382.50 18 32.55  -2.1091075E+00   3.3045483E+01
 1 salin    =          0   45382.50 18 32.55   1.3861101E+00   4.6971256E+01
13 u-vel.   =          0   45382.50 19 33.15  -1.5378494E+00   1.4671998E+00
14 v-vel.   =          0   45382.50 19 33.15  -1.3839955E+00   1.6308770E+00
 1 thknss   =          0   45382.50 19 33.15   0.0000000E+00   9.9540780E+06
 1 temp     =          0   45382.50 19 33.15  -2.1091075E+00   3.3045483E+01
 1 salin    =          0   45382.50 19 33.15   1.3861101E+00   4.6971256E+01
13 u-vel.   =          0   45382.50 20 33.75  -1.5228252E+00   1.4251177E+00
14 v-vel.   =          0   45382.50 20 33.75  -1.3825091E+00   1.6282754E+00
 1 thknss   =          0   45382.50 20 33.75   0.0000000E+00   1.0798560E+07
 1 temp     =          0   45382.50 20 33.75  -2.1091075E+00   3.3045483E+01
 1 salin    =          0   45382.50 20 33.75   1.3861101E+00   4.6971256E+01
13 u-vel.   =          0   45382.50 21 34.30  -1.4949063E+00   1.3811947E+00
14 v-vel.   =          0   45382.50 21 34.30  -1.3272878E+00   1.6256218E+00
 1 thknss   =          0   45382.50 21 34.30   0.0000000E+00   1.2942808E+07
 1 temp     =          0   45382.50 21 34.30  -2.1091075E+00   3.3045483E+01
 1 salin    =          0   45382.50 21 34.30   1.3861101E+00   4.6971256E+01
13 u-vel.   =          0   45382.50 22 34.80  -1.4636629E+00   1.3522578E+00
14 v-vel.   =          0   45382.50 22 34.80  -1.3099285E+00   1.5626609E+00
 1 thknss   =          0   45382.50 22 34.80   0.0000000E+00   1.4253431E+07
 1 temp     =          0   45382.50 22 34.80  -2.1091075E+00   3.3045483E+01
 1 salin    =          0   45382.50 22 34.80   1.3861101E+00   4.6971256E+01
13 u-vel.   =          0   45382.50 23 35.20  -1.2734009E+00   1.2454027E+00
14 v-vel.   =          0   45382.50 23 35.20  -1.3099285E+00   1.3282908E+00
 1 thknss   =          0   45382.50 23 35.20   0.0000000E+00   1.7271392E+07
 1 temp     =          0   45382.50 23 35.20  -2.1091075E+00   3.3045483E+01
 1 salin    =          0   45382.50 23 35.20   1.3861101E+00   4.6971256E+01
13 u-vel.   =          0   45382.50 24 35.50  -1.0048300E+00   1.1763735E+00
14 v-vel.   =          0   45382.50 24 35.50  -1.3099285E+00   1.1139414E+00
 1 thknss   =          0   45382.50 24 35.50   0.0000000E+00   3.3011716E+07
 1 temp     =          0   45382.50 24 35.50  -2.1091075E+00   3.3045483E+01
 1 salin    =          0   45382.50 24 35.50   1.3861101E+00   4.6971256E+01
13 u-vel.   =          0   45382.50 25 35.80  -8.6387312E-01   9.9967074E-01
14 v-vel.   =          0   45382.50 25 35.80  -1.3084953E+00   1.0788739E+00
 1 thknss   =          0   45382.50 25 35.80   0.0000000E+00   1.2918792E+07
 1 temp     =          0   45382.50 25 35.80  -2.1091075E+00   3.3045483E+01
 1 salin    =          0   45382.50 25 35.80   1.3861101E+00   4.6971256E+01
13 u-vel.   =          0   45382.50 26 36.04  -7.1163809E-01   9.8805010E-01
14 v-vel.   =          0   45382.50 26 36.04  -1.2830324E+00   1.0807413E+00
 1 thknss   =          0   45382.50 26 36.04   0.0000000E+00   1.0944215E+07
 1 temp     =          0   45382.50 26 36.04  -2.1091075E+00   3.3045483E+01
 1 salin    =          0   45382.50 26 36.04   1.3861101E+00   4.6971256E+01
13 u-vel.   =          0   45382.50 27 36.20  -6.9649774E-01   9.6750259E-01
14 v-vel.   =          0   45382.50 27 36.20  -1.1978719E+00   1.0807413E+00
 1 thknss   =          0   45382.50 27 36.20   0.0000000E+00   1.5550386E+07
 1 temp     =          0   45382.50 27 36.20  -2.1091075E+00   3.3045483E+01
 1 salin    =          0   45382.50 27 36.20   1.3861101E+00   4.6971256E+01
13 u-vel.   =          0   45382.50 28 36.38  -7.2067994E-01   9.3246162E-01
14 v-vel.   =          0   45382.50 28 36.38  -1.0306900E+00   1.0807413E+00
 1 thknss   =          0   45382.50 28 36.38   0.0000000E+00   1.7849452E+07
 1 temp     =          0   45382.50 28 36.38  -2.1091075E+00   3.3045483E+01
 1 salin    =          0   45382.50 28 36.38   1.3861101E+00   4.6971256E+01
13 u-vel.   =          0   45382.50 29 36.52  -7.5935936E-01   8.7125587E-01
14 v-vel.   =          0   45382.50 29 36.52  -9.5078832E-01   1.0807413E+00
 1 thknss   =          0   45382.50 29 36.52   0.0000000E+00   1.3791512E+07
 1 temp     =          0   45382.50 29 36.52  -2.1091075E+00   3.3045483E+01
 1 salin    =          0   45382.50 29 36.52   1.3861101E+00   4.6971256E+01
13 u-vel.   =          0   45382.50 30 36.62  -7.4788916E-01   7.9140365E-01
14 v-vel.   =          0   45382.50 30 36.62  -9.5078832E-01   1.0807413E+00
 1 thknss   =          0   45382.50 30 36.62   0.0000000E+00   1.3069962E+07
 1 temp     =          0   45382.50 30 36.62  -2.1091075E+00   3.3045483E+01
 1 salin    =          0   45382.50 30 36.62   1.3861101E+00   4.6971256E+01
13 u-vel.   =          0   45382.50 31 36.70  -7.4788916E-01   7.3077136E-01
14 v-vel.   =          0   45382.50 31 36.70  -9.5078832E-01   1.0807413E+00
 1 thknss   =          0   45382.50 31 36.70   0.0000000E+00   3.1572814E+07
 1 temp     =          0   45382.50 31 36.70  -2.1091075E+00   3.3045483E+01
 1 salin    =          0   45382.50 31 36.70   1.3861101E+00   4.6971256E+01
13 u-vel.   =          0   45382.50 32 36.77  -7.4788916E-01   7.3077136E-01
14 v-vel.   =          0   45382.50 32 36.77  -9.5078832E-01   1.0807413E+00
 1 thknss   =          0   45382.50 32 36.77   0.0000000E+00   2.1918564E+07
 1 temp     =          0   45382.50 32 36.77  -2.1091075E+00   3.3045483E+01
 1 salin    =          0   45382.50 32 36.77   1.3861101E+00   4.6971256E+01
13 u-vel.   =          0   45382.50 33 36.83  -7.4788916E-01   7.3077136E-01
14 v-vel.   =          0   45382.50 33 36.83  -9.5078832E-01   1.0807413E+00
 1 thknss   =          0   45382.50 33 36.83   0.0000000E+00   2.7225536E+07
 1 temp     =          0   45382.50 33 36.83  -2.1091075E+00   3.3045483E+01
 1 salin    =          0   45382.50 33 36.83   1.3861101E+00   4.6971256E+01
13 u-vel.   =          0   45382.50 34 36.89  -7.4788916E-01   7.3077136E-01
14 v-vel.   =          0   45382.50 34 36.89  -9.5078832E-01   1.0807413E+00
 1 thknss   =          0   45382.50 34 36.89   0.0000000E+00   1.5976762E+07
 1 temp     =          0   45382.50 34 36.89  -2.1091075E+00   3.3045483E+01
 1 salin    =          0   45382.50 34 36.89   1.3861101E+00   4.6971256E+01
13 u-vel.   =          0   45382.50 35 36.97  -7.4788916E-01   7.3077136E-01
14 v-vel.   =          0   45382.50 35 36.97  -9.5078832E-01   1.0807413E+00
 1 thknss   =          0   45382.50 35 36.97   0.0000000E+00   3.1487196E+07
 1 temp     =          0   45382.50 35 36.97  -2.1091075E+00   3.3045483E+01
 1 salin    =          0   45382.50 35 36.97   1.3861101E+00   4.6971256E+01
13 u-vel.   =          0   45382.50 36 37.02  -7.4788916E-01   7.3077136E-01
14 v-vel.   =          0   45382.50 36 37.02  -9.5078832E-01   1.0807413E+00
 1 thknss   =          0   45382.50 36 37.02   0.0000000E+00   4.3047944E+07
 1 temp     =          0   45382.50 36 37.02  -2.1091075E+00   3.3045483E+01
 1 salin    =          0   45382.50 36 37.02   1.3861101E+00   4.6971256E+01
13 u-vel.   =          0   45382.50 37 37.06  -7.4788916E-01   7.3077136E-01
14 v-vel.   =          0   45382.50 37 37.06  -9.5078832E-01   1.0807413E+00
 1 thknss   =          0   45382.50 37 37.06   0.0000000E+00   2.8671836E+07
 1 temp     =          0   45382.50 37 37.06  -2.1091075E+00   3.3045483E+01
 1 salin    =          0   45382.50 37 37.06   1.3861101E+00   4.6971256E+01
13 u-vel.   =          0   45382.50 38 37.10  -7.4788916E-01   7.3077136E-01
14 v-vel.   =          0   45382.50 38 37.10  -9.5078832E-01   1.0807413E+00
 1 thknss   =          0   45382.50 38 37.10   0.0000000E+00   2.9686324E+07
 1 temp     =          0   45382.50 38 37.10  -2.1091075E+00   3.3045483E+01
 1 salin    =          0   45382.50 38 37.10   1.3861101E+00   4.6971256E+01
13 u-vel.   =          0   45382.50 39 37.17  -7.4788916E-01   7.3077136E-01
14 v-vel.   =          0   45382.50 39 37.17  -9.5078832E-01   1.0807413E+00
 1 thknss   =          0   45382.50 39 37.17   0.0000000E+00   4.9387936E+07
 1 temp     =          0   45382.50 39 37.17  -2.1091075E+00   3.3045483E+01
 1 salin    =          0   45382.50 39 37.17   1.3861101E+00   4.6971256E+01
13 u-vel.   =          0   45382.50 40 37.30  -7.4788916E-01   7.3077136E-01
14 v-vel.   =          0   45382.50 40 37.30  -9.5078832E-01   1.0807413E+00
 1 thknss   =          0   45382.50 40 37.30   0.0000000E+00   4.1652512E+07
 1 temp     =          0   45382.50 40 37.30  -2.1091075E+00   3.3045483E+01
 1 salin    =          0   45382.50 40 37.30   1.3861101E+00   4.6971256E+01
13 u-vel.   =          0   45382.50 41 37.42  -7.4788916E-01   7.3077136E-01
14 v-vel.   =          0   45382.50 41 37.42  -9.5078832E-01   1.0807413E+00
 1 thknss   =          0   45382.50 41 37.42   0.0000000E+00   2.6490506E+07
 1 temp     =          0   45382.50 41 37.42  -2.1091075E+00   3.3045483E+01
 1 salin    =          0   45382.50 41 37.42   1.3861101E+00   4.6971256E+01
